0000000000000001
0000000000000010
0000000000000011
0000000000000100
0000000000000101
0000000000000110
0000000000000111
0000000000001000
0000000000001001
0000000000001010
0000000000001011
0000100000001100
0000100000001110
0000100000001111
0000100000001101
0000100000001101
0000000000010101
0000000000010101
0000000000010101
0000000000100111
0000000000101010
0000000010111010
0000000011111100
0000000011111100
0000000011111100
0000000000010101
0000000000010101
0000000000010101
0000000000100111
0000000000101010
0000000010111010
0000000011111100
0000000000010101
0000000000010101
0000000000010101
0000000000100111
0000000000101010
0000000010111010
0000000011111100
0000000011111100
0000000011111100
0000000000010101
0000000000010101
0000000000010101
0000000000100111
0000000000101010
0000000010111010
0000000011111100
0000000000010101
0000000000010101
0000000000010101
0000000000100111
0000000000101010
0000000010111010
0000000011111100
0000000011111100
0000000011111100
0000000000010101
0000000000010101
0000000000010101
0000000000100111
0000000000101010
0000000010111010
0000000010111010
