10010111110000000000000000010011
00100111110000000000000000100001
00100111110000000000000000110011
00100111110000000000000001000101
00010000000000000000000000000001
00010000000000000000000000000010
00010000000000000000000000000100
00010000000000000000000000000101
10000000000000000000000000000011
01100000000000000000000000000011
00000000000000000000000100001011
00000000000000000000000100001011
00000000000000000000000101001111
00000000000000000000000101001111
00000000000000000000000100110111
00000000000000000000000100110111
00010000000000000000000100110111
10000000000000000000000000000011
10000000000000000000000000000100
00100000000001110000011100001111
10000000000000000000000000010101
10000000000000000000000000010101
10000000000000000000000000010101
10000000000000000000000000010101
10000000000000000000000000010101
10000000000000000000000000010101
10000000000000000000000000010101
10000000000000000000000000010101
10000000000000000000000000010101
10000000000000000000000000010101
10000000000000000000000000010101
10000000000000000000000000010101
10000000000000000000000000010101
10000000000000000000000000010101
10000000000000000000000000010101
10000000000000000000000000010101
10000000000000000000000000010101
10000000000000000000000000010101
10000000000000000000000000010101
10000000000000000000000000010101
10000000000000000000000000010101
10000000000000000000000000010101
10000000000000000000000000010101
10000000000000000000000000010101
10000000000000000000000000010101
10000000000000000000000000010101
10000000000000000000000000010101
10000000000000000000000000010101
10000000000000000000000000010101
10000000000000000000000000010101
10000000000000000000000000010101
10000000000000000000000000010101
10000000000000000000000000010101
10000000000000000000000000010101
10000000000000000000000000010101
10000000000000000000000000010101
10000000000000000000000000010101
10000000000000000000000000010101
10000000000000000000000000010101
10000000000000000000000000010101
10000000000000000000000000010101
10000000000000000000000000010101
10000000000000000000000000010101
10000000000000000000000000010101
