0110101110001011010001010110011101101011100010110100010101100111
0011001001111011001000111100011000110010011110110010001111000110
0110010000111100100110000110100101100100001111001001100001101001
0110011000110011010010000111001101100110001100110100100001110011
0111010010110000110111000101000101110100101100001101110001010001
0001100101001001010111001111111100011001010010010101110011111111
0010101011101000100101000100101000101010111010001001010001001010
0110001001010101010110001110110001100010010101010101100011101100
0010001110001110000111110010100100100011100011100001111100101001
0100011011101000011111001100110101000110111010000111110011001101
0011110100011011010110001011101000111101000110110101100010111010
0101000001111110110101111010101101010000011111101101011110101011
0010111010110001010000011111001000101110101100010100000111110010
0100000110110111000111101111101101000001101101110001111011111011
0111100111100010101010011110001101111001111000101010100111100011
0111010101000101111000010100011001110101010001011110000101000110
0101000101011111000000000111110001010001010111110000000001111100
0101101111010000011000101100001001011011110100000110001011000010
0001001000100000000010000101010000010010001000000000100001010100
0100110110110001001001111111100001001101101100010010011111111000
0000001000010110001000110001101100000010000101100010001100011011
0001111100010110111010011110100000011111000101101110100111101000
0001000110010000110011011110011100010001100100001100110111100111
0110011011101111010000111000110101100110111011110100001110001101
0001010000001110000011110111011000010100000011100000111101110110
0011001101010010001001010101101000110011010100100010010101011010
0001000010011100111110010010111000010000100111001111100100101110
0000110111101101011100100110001100001101111011010111001001100011
0111111111011100110000100011001101111111110111001100001000110011
0001101111101111110101111001111100011011111011111101011110011111
0100000110100111110001001100100101000001101001111100010011001001
0110101101101000000001111001101001101011011010000000011110011010
0100111001101010111110110110011001001110011010101111101101100110
0010010111100100010111010011001000100101111001000101110100110010
0101000110011011010100000000110101010001100110110101000000001101
0100001100011011110101111011011101000011000110111101011110110111
0011111100101101101110100011000100111111001011011011101000110001
0111110010000011111001000101100001111100100000111110010001011000
0010010101110001001100001010001100100101011100010011000010100011
0110001010111011110110010101101001100010101110111101100101011010
0100001101101100011000010010010101000011011011000110000100100101
0110001010001100100010010101110101100010100011001000100101011101
0011001100111010101100010000010100110011001110101011000100000101
0111001000011101101000110001011101110010000111011010001100010111
0010010001000011101010000101100000100100010000111010100001011000
0010110100011101010110101110100100101101000111010101101011101001
0110011101100011100001000101111001100111011000111000010001011110
0111010110100010101010001101010001110101101000101010100011010100
0000100011101101101111011010101100001000111011011011110110101011
0111100110000011100011001011001001111001100000111000110010110010
0100001101010011110100001100110101000011010100111101000011001101
0000101100000011111000001100011000001011000000111110000011000110
0001100010011010011101101001101100011000100110100111011010011011
0101010011100100100111101011010001010100111001001001111010110100
0111000111110011001001000101010001110001111100110010010001010100
0010110010101000100001100001000100101100101010001000011000010001
0000100000110110110001000000111000001000001101101100010000001110
0000001010010000000111011000001000000010100100000001110110000010
0011101010010101111110000111010000111010100101011111100001110100
0000100000010011100001100100000100001000000100111000011001000001
0001111001111111111101010010000100011110011111111111010100100001
0111110000111101101111010011110101111100001111011011110100111101
0111001101111011100011011101110001110011011110111000110111011100
0110110011101010111100001000011101101100111010101111000010000111
0010001000100010000110100111000000100010001000100001101001110000
0100010100010110110111011110100101000101000101101101110111101001
0011000000000110110010000011111000110000000001101100100000111110
0110000101001111110101001010000101100001010011111101010010100001
0100000110011010110000100100000101000001100110101100001001000001
0101010101110111111110001110000101010101011101111111100011100001
0100010000001011101011011111110001000100000010111010110111111100
0000010100000111001000110110011100000101000001110010001101100111
0011100000000100100000100011111000111000000001001000001000111110
0111011101000110010111110000000101110111010001100101111100000001
0111011100100100110001100111111001110111001001001100011001111110
0101110001001000001010101001011101011100010010000010101010010111
0010010001100011101110011110101000100100011000111011100111101010
0101111010001000010010101101110001011110100010000100101011011100
0101000111101010110100110110101101010001111010101101001101101011
0010110101010001011101111001011000101101010100010111011110010110
0101100000001011110101111000111101011000000010111101011110001111
0001010100111110101001000011100000010101001111101010010000111000
0011100001010101010110000101110000111000010101010101100001011100
0111000010100110010011100010101001110000101001100100111000101010
0110101000100011010000101110110001101010001000110100001011101100
0010101001001000011111001011000000101010010010000111110010110000
0001110101001110110101000011101100011101010011101101010000111011
0111001001011010000001101111101101110010010110100000011011111011
0010110011011000100110100011001000101100110110001001101000110010
0101011111100100110011001010111101010111111001001100110010101111
0111101001101101100011010011110001111010011011011000110100111100
0100101101011000100011110101010001001011010110001000111101010100
0101010000100010100010011110110001010100001000101000100111101100
0110110111101001000110110001100001101101111010010001101100011000
0011100001000011011111111101101100111000010000110111111111011011
0111011001000100101001000101110001110110010001001010010001011100
0011001011111111111110010000001000110010111111111111100100000010
0110100001001010010010000001101001101000010010100100100000011010
0101011110010100011110001111111001010111100101000111100011111110
0111010010011010101110110100001101110100100110101011101101000011
0011110111000010010000001111101100111101110000100100000011111011
0001101110100000001001101111101000011011101000000010011011111010
0111100110100001110111101010101001111001101000011101111010101010
0111010111000110110000110011101001110101110001101100001100111010
0001001011100110100001011111101100010010111001101000010111111011
0111000011000110101001010010100101110000110001101010010100101001
0101001000001110111011011101000101010010000011101110110111010001
0011011101001010001111111110011000110111010010100011111111100110
0100111101001110111100000000010101001111010011101111000000000101
0010001111111001110000010011110000100011111110011100000100111100
0110010010011011101101110111110001100100100110111011011101111100
0010011101011010110001111001010000100111010110101100011110010100
0011100100111000011001010111010100111001001110000110010101110101
0001110011110001000011111101100000011100111100010000111111011000
0001100000000001000101011011111000011000000000010001010110111110
0010001101011011101010000110000100100011010110111010100001100001
0100011100111001100011001000100101000111001110011000110010001001
0011010101001111111010011111100100110101010011111110100111111001
0001010110110101101011110101110000010101101101011010111101011100
0111010000010010001001101011101101110100000100100010011010111011
0000110100110100101101101010100000001101001101001011011010101000
0001000000100011001111001001100100010000001000110011110010011001
0011111101101010101101100000111100111111011010101011011000001111
0110000101010111010000001001010101100001010101110100000010010101
0111111000001100010101111011000101111110000011000101011110110001
0111011110101110001101011110101101110111101011100011010111101011
0101011110011011111001001111000101010111100110111110010011110001
0011000100001100010100001011001100110001000011000101000010110011
